Bubble and Insertion
1.

8,6,7,5,3,0,9
6,8,7,5,3,0,9
6,7,8,5,3,0,9
6,7,5,8,3,0,9
6,7,5,3,8,0,9
6,7,5,3,0,8,9
-
6,7,5,3,0,8,9
6,5,7,3,0,8,9
6,5,3,7,0,8,9
6,5,3,0,7,8,9
-
6,5,3,0,7,8,9
5,6,3,0,7,8,9
5,3,6,0,7,8,9
5,3,0,6,7,8,9
-
5,3,0,6,7,8,9
3,5,0,6,7,8,9
3,0,5,6,7,8,9
-
3,0,5,6,7,8,9
0,3,5,6,7,8,9
Insert
8,6,7,5,3,0,9
6,8,7,5,3,0,9
6,7,8,5,3,0,9
6,7,5,8,3,0,9
6,5,7,8,3,0,9
5,6,7,8,3,0,9
5,6,7,3,8,0,9
5,6,3,7,8,0,9
5,3,6,7,8,0,9
3,5,6,7,8,0,9
3,5,6,7,0,8,9
3,5,6,0,7,8,9
3,5,0,6,7,8,9
3,0,5,6,7,8,9
0,3,5,6,7,8,9

2.
Bubble
10,9,8,7,6
9,10,8,7,6
9,8,10,7,6
9,8,7,10,6
9,8,7,6,10
-
8,9,7,6,10
8,7,9,6,10
8,7,6,9,10
-
7,8,6,9,10
7,6,8,9,10
-
6,7,8,9,10
Insert
10,9,8,7,6
9,10,8,7,6
9,8,10,7,6
8,9,10,7,6
8,9,7,10,6
8,7,9,10,6
7,8,9,10,6
7,8,9,6,10
7,8,6,9,10
7,6,8,9,10
6,7,8,9,10

3.
Bubble
-4,6,33,12,1,1,-1


-4,6,12,33,1,1,-1
-4,6,12,1,33,1,-1
-4,6,12,1,1,33,-1
-4,6,12,1,1,-1,33
-
-4,6,12,1,1,-1,33


-4,6,1,12,1,-1,33
-4,6,1,1,12,-1,33
-4,6,1,1,-1,12,33
-
-4,6,1,1,-1,12,33
-4,1,6,1,-1,12,33
-4,1,1,6,-1,12,33
-4,1,1,-1,6,12,33
-
-4,1,1,-1,6,12,33


-4,1,-1,1,6,12,33
-
-4,1,-1,1,6,12,33
-4,-1,1,1,6,12,33
Insert
-4,6,33,12,1,1,-1
-4,6,12,33,1,1,-1
-4,6,12,1,33,1,-1
-4,6,1,12,33,1,-1
-4,1,6,12,33,1,-1
-4,1,6,12,1,33,-1
-4,1,6,1,12,33,-1
-4,1,1,6,12,33,-1
-4,1,1,6,12,-1,33
-4,1,1,6,-1,12,33
-4,1,1,-1,6,12,33
-4,1,-1,1,6,12,33
-4,-1,1,1,6,12,33

4.
Bubble
2,3,2,3,2,3,-2

2,2,3,3,2,3,-2

2,2,3,2,3,3,-2

2,2,3,2,3,-2,3
-
2,2,3,2,3,-2,3


2,2,2,3,3,-2,3

2,2,2,3,-2,3,3
-
2,2,2,3,3,-2,3
2,2,2,3,-2,3,3
-
2,2,2,-2,3,3,3
-
2,2,-2,2,3,3,3
2,-2,2,2,3,3,3
-
-2,2,2,2,3,3,3

Insert
2,3,2,3,2,3,-2
2,2,3,3,2,3,-2
2,2,3,2,3,3,-2
2,2,2,3,3,3,-2
-2,2,2,2,3,3,3

5.
Bubble & insert
12

Bonus.
Bubble
I,r,o,n,M,a,n
I,o,r,n,M,a,n
I,o,n,r,M,a,n
I,o,n,,M,r,a,n
IonMarn
IonManr
-
InoManr
InMoanr
InMaonr
InManor
-
IMnanor
IMannor

Insert
IronMan
IornMan
IonrMan
InorMan
InoMran
InMoran
IMnoran
IMnoarn
IMnaorn
IManorn
IManonr
IMannor